[audio]

master=-2.7335427
sfx=0.0
music=0.0
drill=-14.89455
